function y=f(x)
   %y=0.4000*x+0.5;
   y= 33333.33*x^5  -5416.66*x^4 +  325.00*x^3 -8.958*x^2 +  0.512*x  + 0.4995
    

