function y=f(x)
    y= 0.0167*x^5   -0.2917*x^4  +  2.0000*x^3   -6.7083*x^2   + 9.9833*x +  61.0000

